   337.8   270.9
   338.5   271.7
   340.4   271.7
   341.0   272.4
   340.4   273.2
   340.4   274.7
   338.5   277.0
   337.8   277.0
   337.2   277.7
   336.6   277.7
   335.9   278.5
   332.7   278.5
   331.5   280.0
   328.3   280.0
   326.3   282.3
   326.3   283.0
   325.7   283.8
   325.7   289.1
   325.1   289.8
   324.4   289.8
   323.8   290.6
   323.1   290.6
   322.5   291.4
   323.1   292.1
   323.8   292.1
   325.1   293.6
   325.1   295.2
   325.7   295.9
   325.7   302.7
   325.1   303.5
   325.1   305.8
   323.1   308.0
   321.9   308.0
   320.6   309.5
   320.6   310.3
   318.7   312.6
   315.5   312.6
   314.8   313.3
   314.8   316.4
   315.5   317.1
   315.5   317.9
   316.1   318.6
   316.7   318.6
   318.7   320.9
   319.3   320.9
   319.9   321.7
   319.9   322.4
   321.9   324.7
   321.9   326.2
   322.5   327.0
   322.5   327.7
   323.1   328.5
   323.1   329.2
   323.8   330.0
   323.8   330.8
   324.4   331.5
   324.4   333.0
   326.3   335.3
   326.3   336.8
   327.0   337.6
   327.0   338.3
   328.3   339.8
   328.3   340.6
   328.9   341.4
   328.9   342.1
   330.8   344.4
   331.5   344.4
   332.7   345.9
   332.7   348.2
   331.5   349.7
   330.8   349.7
   330.2   350.5
   329.5   350.5
   328.3   352.0
   328.3   353.5
   323.8   358.8
   323.8   362.6
   324.4   363.3
   324.4   364.8
   325.1   365.6
   325.1   367.9
   324.4   368.6
   324.4   371.7
   325.1   372.4
   325.1   374.7
   326.3   376.2
   326.3   377.7
   327.0   378.5
   328.3   378.5
   328.9   379.2
   328.9   380.8
   329.5   381.5
   329.5   382.3
   330.2   383.0
   330.2   383.8
   330.8   384.5
   330.8   385.3
   332.7   387.6
   332.7   388.3
   333.4   389.1
   333.4   389.8
   335.3   392.1
   335.3   398.9
   334.7   399.7
   334.7   401.2
   333.4   402.7
   333.4   403.5
   331.5   405.8
   330.8   405.8
   329.5   407.3
   328.3   407.3
   327.0   408.8
   325.7   408.8
   325.1   409.5
   324.4   409.5
   321.9   412.6
   321.2   412.6
   320.6   413.3
   319.9   413.3
   319.3   414.1
   318.0   414.1
   317.4   414.8
   316.7   414.8
   316.1   415.6
   314.8   415.6
   314.2   416.4
   312.3   416.4
   311.0   417.9
   309.1   417.9
   308.4   418.6
   307.2   418.6
   306.5   419.4
   303.3   419.4
   302.7   418.6
   299.5   418.6
   298.8   417.9
   297.6   417.9
   296.9   417.1
   295.0   417.1
   293.7   415.6
   291.2   415.6
   290.5   414.8
   289.9   414.8
   288.6   413.3
   288.0   413.3
   287.3   412.6
   286.0   412.6
   284.8   411.1
   281.6   411.1
   280.9   410.3
   280.3   410.3
   279.7   409.5
   279.7   408.8
   275.2   403.5
   274.5   403.5
   273.9   402.7
   272.0   402.7
   270.7   401.2
   269.4   401.2
   267.5   398.9
   266.9   398.9
   263.7   395.2
   263.7   392.9
   263.0   392.1
   263.0   391.4
   261.7   389.8
   261.7   388.3
   261.1   387.6
   261.1   383.8
   261.7   383.0
   263.7   383.0
   264.9   384.5
   266.2   384.5
   268.1   386.8
   268.8   386.1
   268.8   383.8
   269.4   383.0
   269.4   375.5
   268.8   374.7
   268.8   373.2
   267.5   371.7
   266.9   371.7
   263.7   367.9
   263.7   367.1
   260.5   363.3
   259.8   363.3
   259.2   362.6
   259.2   361.8
   257.9   360.3
   257.9   359.5
   257.3   358.8
   257.3   357.3
   256.6   356.5
   256.6   355.8
   256.0   355.0
   256.0   352.7
   255.3   352.0
   255.3   351.2
   254.1   349.7
   254.1   348.9
   253.4   348.2
   253.4   347.4
   252.8   346.7
   252.8   345.9
   251.5   344.4
   250.9   344.4
   250.2   343.6
   250.2   342.1
   249.6   341.4
   249.6   340.6
   249.0   339.8
   249.0   338.3
   250.2   336.8
   251.5   336.8
   254.7   333.0
   255.3   333.0
   257.9   330.0
   257.9   327.7
   258.5   327.0
   258.5   326.2
   259.2   325.5
   259.2   324.7
   259.8   323.9
   259.8   323.2
   261.1   321.7
   261.1   320.9
   261.7   320.2
   261.7   319.4
   263.0   317.9
   263.0   317.1
   261.7   315.6
   261.7   314.8
   260.5   313.3
   259.8   313.3
   259.2   312.6
   259.2   311.8
   258.5   311.1
   257.9   311.1
   257.3   310.3
   256.6   310.3
   253.4   306.5
   253.4   305.8
   250.9   302.7
   250.9   295.2
   251.5   294.4
   251.5   290.6
   248.3   286.8
   248.3   285.3
   247.0   283.8
   247.0   283.0
   246.4   282.3
   246.4   278.5
   248.3   276.2
   248.3   270.2
   249.0   269.4
   249.6   269.4
   250.2   270.2
   254.1   270.2
   255.3   268.6
   255.3   266.4
   257.9   263.3
   257.9   261.8
   259.2   260.3
   262.4   260.3
   263.0   261.1
   266.2   261.1
   266.9   260.3
   268.8   260.3
   269.4   261.1
   269.4   265.6
   270.1   266.4
   270.7   266.4
   271.3   267.1
   272.6   267.1
   273.3   266.4
   275.8   266.4
   277.1   264.8
   277.7   264.8
   278.4   264.1
   280.3   264.1
   280.9   263.3
   282.2   263.3
   283.5   261.8
   283.5   260.3
   284.1   259.5
   284.1   258.0
   285.4   256.5
   285.4   254.2
   286.0   253.5
   287.3   253.5
   288.6   252.0
   289.9   252.0
   290.5   252.7
   291.2   252.7
   291.8   253.5
   292.4   253.5
   293.1   254.2
   293.7   254.2
   295.0   255.8
   296.3   255.8
   296.9   255.0
   296.9   247.4
   298.8   245.2
   299.5   245.2
   300.1   244.4
   300.8   244.4
   301.4   243.6
   302.0   243.6
   302.7   242.9
   303.3   242.9
   304.6   241.4
   304.6   240.6
   305.9   239.1
   307.2   239.1
   308.4   237.6
   309.7   237.6
   310.3   238.3
   310.3   239.1
   311.6   240.6
   311.6   242.9
   312.3   243.6
   312.3   244.4
   314.2   246.7
   314.2   247.4
   314.8   248.2
   314.8   250.5
   316.1   252.0
   316.7   252.0
   317.4   252.7
   317.4   253.5
   318.0   254.2
   318.7   254.2
   319.9   255.8
   319.9   257.3
   320.6   258.0
   323.1   258.0
   323.8   258.8
   324.4   258.8
   326.3   261.1
   326.3   262.6
   328.3   264.8
   330.2   264.8
   331.5   263.3
   332.7   263.3
   334.0   261.8
   334.7   261.8
   335.9   263.3
   336.6   263.3
   337.8   264.8
   338.5   264.8
   339.1   265.6
   339.1   269.4
   337.8   270.9
